Hybrid	Treatment	TP2	TP3	TP4	TP5	TP6	TP7	TP8	TP9	TP10	TP11	TP12	TP14	TP15	TP16	TP17
RTx430	Control	16.5	23	38.5	61	74	63	84	97	97	105	102	117	105	110	111
RTx430	Control	16.5	21	36	53	86	62	67	92	93	99	102	107	110	113	104
RTx430	Control	16.5	17	33	51	80	94	91	104	92	111	119	110	111	117	108
RTx430	Control	16.5	31.5	34	45	55	68	94	106	97	106	112	112	119	126	110
RTx430	Control	16.5	33	40	49	46	66	98	101	101	108	95	125	109	109	109
BTx642	Control	17.5	27	45	47	56	89	82	94	39	97	103	103	98	100	91
BTx642	Control	17.5	28	43.5	47	59	96	79	95	94	96	98	108	102	104	100
BTx642	Control	17.5	27	32	49	46	67	94	90	89	88	92	104	93	96	101
BTx642	Control	17.5	31	30	54	69	42	65	103	92	85	92	111	101	100	96
BTx642	Control	17.5	26	37.5	50.5	57	72	73	96	87	89	103	97	106	92	99
RTx430	Post_flowering	15	26.5	34	45	62	62	100	96	96	102	107	96	115	115	102
RTx430	Post_flowering	15	29	38.5	55	60	71	77	100	91	102	121	111	112	107	102
RTx430	Post_flowering	15	19	31	57	62	72	106	109	97	111	117	111	120	117	111
RTx430	Post_flowering	15	24.5	38	64	68	74	102	108	93	105	115	118	125	122	111
RTx430	Post_flowering	15	28	41.5	63	86	72	94	101	94	99	87	119	116	121	116
BTx642	Post_flowering	20	37	35.5	48	53	95	66	95	96	95	101	103	102	101	103
BTx642	Post_flowering	20	24	32	50	72	95	72	106	96	101	103	105	95	104	102
BTx642	Post_flowering	20	32	31	52	63	89	78	106	104	105	108	107	98	105	111
BTx642	Post_flowering	20	33	42	52	62	99	75	109	100	103	104	108	99	100	99
BTx642	Post_flowering	20	34	46.5	41	57	98	89	94	96	96	99	103	96	96	100
RTx430	Pre_flowering	17	22	29	40	56	70	63	47	71	80	87	94	88	105	91
RTx430	Pre_flowering	17	25.5	34	48	53	76	65	59	84	86	97	92	99	101	101
RTx430	Pre_flowering	17	26	28	40	52	69	68	74	72	89	103	97	92	112	112
RTx430	Pre_flowering	17	31	35	44	57	59	61	58	81	87	101	95	101	88	101
RTx430	Pre_flowering	17	18	27	44	43	65	58	49	77	90	93	90	96	111	89
BTx642	Pre_flowering	23	33.5	43	43	56	66	70	66	74	68	78	81	97	108	97
BTx642	Pre_flowering	23	35	39	53	67	60	60	46	55	77	84	79	94	104	103
BTx642	Pre_flowering	23	40	33	49	54	60	55	54	71	76	78	79	92	103	105
BTx642	Pre_flowering	23	34	30	46	53	51	64	60	46	76	87	84	88	99	107
BTx642	Pre_flowering	23	23	39	42	62	52	62	57	62	83	82	88	95	85	88
BTx642	Control	19.8	34	42.5	45	63	91	65	106	99	101	107	102	105	112	105
BTx642	Control	19.8	27	36.5	53.5	63	99	98	103	98	101	111	108	111	110	107
BTx642	Control	19.8	31	45	53	72	106	92	101	97	100	106	98	107	108	106
BTx642	Control	19.8	34	32	45	63	90	68	107	95	105	103	111	112	112	113
BTx642	Control	19.8	32	34.5	52	69	97	66	103	103	101	104	103	106	111	102
RTx430	Control	18.1	27	34	53	71	80	105	109	117	121	117	117	128	124	125
RTx430	Control	18.1	23.5	34	54	80	95	100	122	109	126	134	119	134	132	132
RTx430	Control	18.1	30	29	52	78	95	95	115	103	117	128	129	134	123	133
RTx430	Control	18.1	18	27	56.5	84	83	94	115	108	115	136	134	124	126	122
RTx430	Control	18.1	20.5	41.5	57	67	87	106	124	110	124	118	124	126	129	127
RTx430	Pre_flowering	14.6	25.5	35.5	33	60	64	64	70	55	91	82	97	109	111	109
RTx430	Pre_flowering	14.6	24	32	34	54	64	63	49	69	79	89	95	92	106	114
RTx430	Pre_flowering	14.6	22	32	43	67	66	52	64	62	87	87	94	98	112	106
RTx430	Pre_flowering	14.6	23	24	37	54	61	74	50	70	81	96	102	94	94	107
RTx430	Pre_flowering	14.6	21	28	42	47	68	50	69	68	90	86	101	99	109	95
BTx642	Pre_flowering	16.2	28	35	42	52	51	44	51	53	81	78	81	97	95	86
BTx642	Pre_flowering	16.2	24	30	42	37	56	63	55	44	77	79	90	98	88	91
BTx642	Pre_flowering	16.2	23	32	39	49	57	58	64	41	78	80	84	89	93	90
BTx642	Pre_flowering	16.2	24.5	28	44.5	49	40	52	52	68	79	87	83	84	91	109
BTx642	Pre_flowering	16.2	25	30	39	49	50	59	68	47	69	89	84	91	102	94
BTx642	Post_flowering	15.3	23	36.5	45	60	85	69	98	89	93	96	99	99	99	98
BTx642	Post_flowering	15.3	22	41	45	63	63	72	97	90	100	99	106	100	96	101
BTx642	Post_flowering	15.3	34.5	31	48	60	67	62	102	91	100	105	101	100	105	104
BTx642	Post_flowering	15.3	30.5	37	52	60	76	76	107	92	94	96	107	105	110	99
BTx642	Post_flowering	15.3	27	38	41	50	67	68	101	97	92	95	106	101	96	102
RTx430	Post_flowering	13.7	25	28	46	72	77	119	93	92	101	100	105	117	110	103
RTx430	Post_flowering	13.7	20.5	33	55	63	84	91	94	91	105	118	103	122	113	105
RTx430	Post_flowering	13.7	25.5	34	58	75	79	98	104	98	112	123	116	132	129	112
RTx430	Post_flowering	13.7	23	35	59	65	86	104	110	94	103	121	117	119	130	108
RTx430	Post_flowering	13.7	22	36.5	55	64	64	97	99	96	107	104	112	113	118	114
BTx642	Pre_flowering	19.4	22	36	42	46	50	50	47	55	80	92	78	103	86	92
BTx642	Pre_flowering	19.4	21.5	28	39	41	51	49	58	55	54	84	82	102	92	109
BTx642	Pre_flowering	19.4	21	29	38	50	52	55	32	64	72	83	80	94	87	85
BTx642	Pre_flowering	19.4	27	28	40	42	56	57	61	68	75	79	84	89	106	91
BTx642	Pre_flowering	19.4	29.5	29	38	43	49	48	62	52	86	85	84	89	90	98
RTx430	Pre_flowering	14.9	20	24	46	45	49	71	65	75	75	88	91	87	107	113
RTx430	Pre_flowering	14.9	16	31.5	39	44	57	67	57	77	78	89	89	97	92	110
RTx430	Pre_flowering	14.9	23	27	40	48	57	68	51	75	86	90	86	97	127	113
RTx430	Pre_flowering	14.9	23	34.5	45	43	46	59	69	72	82	86	92	106	115	111
RTx430	Pre_flowering	14.9	24.5	25	45	48	62	52	74	69	83	80	92	88	104	105
BTx642	Control	17.5	24	35	50	53	82	94	101	93	96	101	102	106	103	102
BTx642	Control	17.5	18.5	31	50	45	85	76	103	91	94	97	96	103	104	107
BTx642	Control	17.5	30	35	43	58	82	69	106	88	91	105	98	100	104	107
BTx642	Control	17.5	27	30	42	64	84	75	99	91	99	102	97	104	98	102
BTx642	Control	17.5	20.5	34	50	66	77	70	101	95	97	90	102	105	105	102
RTx430	Control	13.6	24	40	64	89	76	101	115	111	107	114	133	129	112	123
RTx430	Control	13.6	26	41.5	58.5	81	101	94	122	114	125	130	131	135	121	122
RTx430	Control	13.6	18	29	54	81	78	120	118	120	127	128	130	136	125	129
RTx430	Control	13.6	32	37	66	67	91	107	114	107	120	115	117	123	131	131
RTx430	Control	13.6	25	39	49	75	78	122	116	118	127	115	118	114	134	122
BTx642	Post_flowering	20.8	24	32	44	57	87	74	96	92	99	110	103	103	103	101
BTx642	Post_flowering	20.8	26.5	33.5	45	51	75	70	105	88	98	100	100	111	110	105
BTx642	Post_flowering	20.8	36.5	36	56	60	84	82	103	95	99	107	99	108	101	105
BTx642	Post_flowering	20.8	30	31	50	52	82	89	103	92	92	101	101	115	110	106
BTx642	Post_flowering	20.8	32.5	39	42	65	76	72	108	99	98	95	105	106	107	105
RTx430	Post_flowering	14.3	28	43	64	69	92	122	105	100	107	109	116	130	123	118
RTx430	Post_flowering	14.3	28.5	37	47	72	89	113	126	115	115	123	129	125	133	120
RTx430	Post_flowering	14.3	21.5	41	62	79	73	103	114	109	111	132	129	138	126	127
RTx430	Post_flowering	14.3	23.5	42	58	71	82	110	124	110	120	129	120	129	119	122
RTx430	Post_flowering	14.3	27	51	48	92	81	111	116	109	120	125	134	127	131	122